hiring_year,resign_year,total_hired,total_resign,total_people,changes
2006,0,1.0,0.0,1.0,1.0
2007,0,2.0,0.0,3.0,2.0
2008,0,2.0,0.0,5.0,2.0
2009,0,7.0,0.0,12.0,7.0
2010,0,8.0,0.0,20.0,8.0
2011,0,76.0,0.0,96.0,76.0
2012,2012,41.0,1.0,136.0,40.0
2013,2013,43.0,3.0,176.0,40.0
2014,2014,56.0,6.0,226.0,50.0
2015,2015,31.0,13.0,244.0,18.0
2016,2016,14.0,12.0,246.0,2.0
2017,2017,5.0,19.0,232.0,-14.0
2018,2018,1.0,19.0,214.0,-18.0
2019,2019,0.0,7.0,207.0,-7.0
2020,2020,0.0,13.0,194.0,-13.0
